G = [0.0150    0.4400    0.1850    0.2275    0.0150    0.1000    0.0150    0.2275    0.4400    0.0150;
    0.0150    0.0150    0.0150    0.0150    0.2275    0.1000    0.4400    0.0150    0.0150    0.0150;
    0.0150    0.0150    0.0150    0.2275    0.0150    0.1000    0.0150    0.2275    0.4400    0.0150;
    0.0150    0.0150    0.1850    0.0150    0.0150    0.1000    0.4400    0.2275    0.0150    0.0150;
    0.4400    0.0150    0.1850    0.2275    0.0150    0.1000    0.0150    0.0150    0.0150    0.0150;
    0.0150    0.0150    0.1850    0.0150    0.0150    0.1000    0.0150    0.0150    0.0150    0.0150;
    0.0150    0.0150    0.1850    0.0150    0.2275    0.1000    0.0150    0.2275    0.0150    0.0150;
    0.0150    0.4400    0.0150    0.0150    0.2275    0.1000    0.0150    0.0150    0.0150    0.0150;
    0.0150    0.0150    0.0150    0.0150    0.0150    0.1000    0.0150    0.0150    0.0150    0.8650;
    0.4400    0.0150    0.0150    0.2275    0.2275    0.1000    0.0150    0.0150    0.0150    0.0150];

S=eye(10);
s1=S(:,1);s2=S(:,2);s3=S(:,3);s4=S(:,4);s5=S(:,5);
s6=S(:,6);s7=S(:,7);s8=S(:,8);s9=S(:,9);s10=S(:,10);